1764267122273 0.0008901773465298456 0
1764267346783 0.000861138683210349 1
1764267570885 0.0008141531389715388 2
1764267795197 0.0007512742075583067 3
1764268019933 0.00067525 4
1764268244083 0.0005894031389715389 5
1764268468192 0.0004974855442388103 6
1764268692405 0.00040351445576118986 7
1764268916686 0.0003115968610284612 8
1764269140859 0.00022575000000000007 9
1764269365181 0.00014972579244169334 10
1764269589605 8.684686102846114e-05 11
1764269814109 3.9861316789650844e-05 12
1764270038246 1.082265347015434e-05 13
1764270262021 1e-06 14
