1764267122250 0.8734329568538052 0
1764267346761 0.2885129437809102 1
1764267570863 0.21883027373175873 2
1764267795168 0.145015640772487 3
1764268019910 0.10871727198188068 4
1764268244063 0.0647783458058597 5
1764268468170 0.04528291987075487 6
1764268692374 0.02579026502742274 7
1764268916659 0.01534705218581254 8
1764269140838 0.009175794734891874 9
1764269365159 0.005120052902517454 10
1764269589581 0.00243262174826562 11
1764269814088 0.0011175609586388689 12
1764270038223 0.0008412808088714404 13
1764270261999 0.0008453540734596801 14
