1764267122262 78.87453029053249 0
1764267346773 91.77893868573 1
1764267570875 93.11703785170928 2
1764267795183 95.53661442580882 3
1764268019923 96.68224727339383 4
1764268244074 97.8828704976629 5
1764268468183 98.5794152689946 6
1764268692386 99.23013472642288 7
1764268916673 99.51425167262396 8
1764269140850 99.79836861882504 9
1764269365172 99.87168912107047 10
1764269589595 99.9541746860966 11
1764269814100 99.99083493721932 12
1764270038236 99.99083493721932 13
1764270262012 99.99083493721932 14
